State;Division;Enrolment;Formal Vote;Informal Vote;Total Vote;Formal Pc;Formal Swing;Informal Pc;Informal Swing;Turnout;Turnout Swing;ALP TPP Vote;Coalition TPP Vote;TPP Exhausted;ALP TPP Pc;ALP Swing
NSW;Banks;83122;73654;5398;79052;93.17;-2.89;6.83;2.89;95.10;-0.06;38952;34702;0;52.89;-4.38
NSW;Barton;84752;74746;5277;80023;93.41;-2.30;6.59;2.30;94.42;-0.24;41873;32873;0;56.02;-3.77
NSW;Bennelong;86896;77738;4457;82195;94.58;0.02;5.42;-0.02;94.59;-0.48;32877;44861;0;42.29;-2.48
NSW;Berowra;85766;77809;3544;81353;95.64;-1.28;4.36;1.28;94.85;-0.31;26731;51078;0;34.35;-2.34
NSW;Blaxland;82779;70120;7605;77725;90.22;-4.26;9.78;4.26;93.89;-0.42;45725;24395;0;65.21;-6.50
NSW;Bradfield;89832;81462;3179;84641;96.24;-0.81;3.76;0.81;94.22;-0.38;23493;57969;0;28.84;0.13
NSW;Calare;85310;79357;2690;82047;96.72;0.24;3.28;-0.24;96.18;-0.02;38302;41055;0;48.27;48.27
NSW;Charlton;83459;76162;3651;79813;95.43;-1.58;4.57;1.58;95.63;-0.57;43151;33011;0;56.66;-5.54
NSW;Chifley;83474;71413;7232;78645;90.80;-3.14;9.20;3.14;94.21;-0.46;46628;24785;0;65.29;-5.98
NSW;Cook;82150;74634;3640;78274;95.35;-0.62;4.65;0.62;95.28;0.00;26866;47768;0;36.00;-4.63
NSW;Cowper;79982;73100;3131;76231;95.89;-1.34;4.11;1.34;95.31;0.12;33094;40006;0;45.27;0.98
NSW;Cunningham;81540;74044;3763;77807;95.16;-1.39;4.84;1.39;95.42;0.15;44904;29140;0;60.65;-7.12
NSW;Dobell;82002;74570;3318;77888;95.74;-1.22;4.26;1.22;94.98;-0.70;37005;37565;0;49.62;-1.91
NSW;Eden-Monaro;85815;78497;3628;82125;95.58;-1.21;4.42;1.21;95.70;-0.09;37918;40579;0;48.31;-1.08
NSW;Farrer;84423;75532;5156;80688;93.61;-2.37;6.39;2.37;95.58;-0.34;25399;50133;0;33.63;-2.19
NSW;Fowler;82745;67389;9852;77241;87.25;-6.96;12.75;6.96;93.35;-0.58;48174;19215;0;71.49;-4.51
NSW;Gilmore;83909;76800;3485;80285;95.66;-2.05;4.34;2.05;95.68;-0.53;27166;49634;0;35.37;-10.07
NSW;Grayndler;86146;74019;5193;79212;93.44;-1.45;6.56;1.45;91.95;-0.64;52770;21249;0;71.29;-1.02
NSW;Greenway;85876;75893;5528;81421;93.21;-1.36;6.79;1.36;94.81;-0.28;40310;35583;0;53.11;-6.44
NSW;Gwydir;84602;76827;3646;80473;95.47;-0.57;4.53;0.57;95.12;-0.25;26983;49844;0;35.12;-2.88
NSW;Hughes;85741;79075;3361;82436;95.92;-0.29;4.08;0.29;96.15;-0.07;31302;47773;0;39.59;-4.05
NSW;Hume;85640;79074;2908;81982;96.45;0.11;3.55;-0.11;95.73;-0.53;31796;47278;0;40.21;-2.46
NSW;Hunter;84649;78597;2780;81377;96.58;-0.20;3.42;0.20;96.13;-0.02;47838;30759;0;60.86;-3.18
NSW;Kingsford Smith;86647;76390;4996;81386;93.86;-0.96;6.14;0.96;93.93;0.14;44995;31395;0;58.90;-4.05
NSW;Lindsay;81618;73170;4785;77955;93.86;-0.71;6.14;0.71;95.51;-0.51;32580;40590;0;44.53;-2.45
NSW;Lowe;83707;74842;4606;79448;94.20;-1.26;5.80;1.26;94.91;-0.04;40271;34571;0;53.81;-0.89
NSW;Lyne;86901;80109;3247;83356;96.10;-0.27;3.90;0.27;95.92;-0.23;31052;49057;0;38.76;-1.11
NSW;Macarthur;80127;71565;4508;76073;94.07;-2.05;5.93;2.05;94.94;-0.55;30798;40767;0;43.04;-8.65
NSW;Mackellar;86505;77822;3801;81623;95.34;-1.14;4.66;1.14;94.36;-0.31;25783;52039;0;33.13;0.26
NSW;Macquarie;86364;78871;3160;82031;96.15;-0.89;3.85;0.89;94.98;-0.42;32598;46273;0;41.33;-2.90
NSW;Mitchell;86647;79032;3725;82757;95.50;-1.05;4.50;1.05;95.51;-0.11;22666;56366;0;28.68;-1.85
NSW;Newcastle;89198;80052;4037;84089;95.20;-0.12;4.80;0.12;94.27;5.90;45555;34497;0;56.91;56.91
NSW;New England;84941;79903;1608;81511;98.03;1.68;1.97;-1.68;95.96;0.79;28886;51017;0;36.15;-0.19
NSW;North Sydney;88755;78989;3309;82298;95.98;-0.70;4.02;0.70;92.72;-0.37;29055;49934;0;36.78;-0.55
NSW;Page;82272;74555;4189;78744;94.68;-2.73;5.32;2.73;95.71;-0.28;35213;39342;0;47.23;0.59
NSW;Parkes;83036;76578;2781;79359;96.50;-0.42;3.50;0.42;95.57;0.69;31596;44982;0;41.26;-2.36
NSW;Parramatta;87286;76960;5098;82058;93.79;-1.03;6.21;1.03;94.01;-0.88;37593;39367;0;48.85;-3.64
NSW;Paterson;82782;77121;2890;80011;96.39;-0.20;3.61;0.20;96.65;-0.04;37463;39658;0;48.58;-0.17
NSW;Prospect;86641;75142;7419;82561;91.01;-2.68;8.99;2.68;95.29;0.21;47197;27945;0;62.81;-3.96
NSW;Reid;77031;63891;7964;71855;88.92;-4.02;11.08;4.02;93.28;0.12;42726;21165;0;66.87;-5.29
NSW;Richmond;81312;72653;4106;76759;94.65;-2.65;5.35;2.65;94.40;-0.55;35108;37545;0;48.32;-0.84
NSW;Riverina;87399;80347;3501;83848;95.82;-1.02;4.18;1.02;95.94;0.03;24209;56138;0;30.13;-5.21
NSW;Robertson;84366;75683;4928;80611;93.89;-3.20;6.11;3.20;95.55;-0.37;32562;43121;0;43.02;-4.97
NSW;Shortland;86261;78755;3765;82520;95.44;-1.60;4.56;1.60;95.66;-0.57;46290;32465;0;58.78;-3.45
NSW;Sydney;86143;74359;3292;77651;95.76;0.08;4.24;-0.08;90.14;-0.11;48363;25996;0;65.04;-4.73
NSW;Throsby;84412;76442;4183;80625;94.81;-1.29;5.19;1.29;95.51;-0.24;49767;26675;0;65.10;-7.31
NSW;Warringah;85405;77393;2627;80020;96.72;-0.11;3.28;0.11;93.69;0.10;28902;48491;0;37.34;0.12
NSW;Watson;81961;70377;5726;76103;92.48;-2.41;7.52;2.41;92.85;-0.56;47374;23003;0;67.31;-0.31
NSW;Wentworth;86457;75460;3845;79305;95.15;-1.20;4.85;1.20;91.73;-0.23;31800;43660;0;42.14;-0.49
NSW;Werriwa;83153;71487;6651;78138;91.49;-3.32;8.51;3.32;93.97;-0.57;41810;29677;0;58.49;-4.14
VIC;Aston;90211;84620;2782;87402;96.82;-0.35;3.18;0.35;96.89;0.25;37089;47531;0;43.83;-1.93
VIC;Ballarat;85877;80549;2391;82940;97.12;0.67;2.88;-0.67;96.58;-0.15;42471;38078;0;52.73;5.50
VIC;Batman;89998;79220;4647;83867;94.46;-1.63;5.54;1.63;93.19;-1.29;59478;19742;0;75.08;-1.35
VIC;Bendigo;88150;81940;3165;85105;96.28;0.42;3.72;-0.42;96.55;-0.46;43892;38048;0;53.57;0.10
VIC;Bruce;85447;78476;2969;81445;96.35;0.04;3.65;-0.04;95.32;-0.87;43592;34884;0;55.55;-1.17
VIC;Burke;88943;81975;3031;85006;96.43;1.61;3.57;-1.61;95.57;-0.41;45504;36471;0;55.51;-2.10
VIC;Calwell;98330;87173;6035;93208;93.53;-3.03;6.47;3.03;94.79;-0.36;59044;28129;0;67.73;-1.25
VIC;Casey;85278;78727;2922;81649;96.42;0.44;3.58;-0.44;95.74;-0.36;33723;45004;0;42.84;-2.30
VIC;Chisholm;86680;79937;2481;82418;96.99;0.56;3.01;-0.56;95.08;-0.60;42179;37758;0;52.77;0.69
VIC;Corangamite;85955;79992;2798;82790;96.62;-0.83;3.38;0.83;96.32;0.53;35463;44529;0;44.33;-1.17
VIC;Corio;85836;77998;4185;82183;94.91;-1.89;5.09;1.89;95.74;0.11;45787;32211;0;58.70;-2.66
VIC;Deakin;85208;79176;2082;81258;97.44;0.62;2.56;-0.62;95.36;-0.68;38214;40962;0;48.26;0.20
VIC;Dunkley;85129;78560;2805;81365;96.55;-0.57;3.45;0.57;95.58;-0.45;35023;43537;0;44.58;-3.38
VIC;Flinders;91403;84318;3300;87618;96.23;-0.61;3.77;0.61;95.86;-0.41;35733;48585;0;42.38;-3.90
VIC;Gellibrand;86496;76365;3938;80303;95.10;-0.68;4.90;0.68;92.84;-0.91;54814;21551;0;71.78;-4.13
VIC;Gippsland;83845;75753;4484;80237;94.41;-0.67;5.59;0.67;95.70;-0.29;31775;43978;0;41.95;0.78
VIC;Goldstein;89948;82581;2351;84932;97.23;-0.06;2.77;0.06;94.42;-0.52;33459;49122;0;40.52;-1.33
VIC;Higgins;88043;79779;2198;81977;97.32;0.33;2.68;-0.33;93.11;-0.97;33196;46583;0;41.61;1.23
VIC;Holt;88172;79084;4109;83193;95.06;-0.41;4.94;0.41;94.35;-0.85;50078;29006;0;63.32;-1.79
VIC;Hotham;89090;81455;3005;84460;96.44;0.08;3.56;-0.08;94.80;-0.48;49701;31754;0;61.02;-2.57
VIC;Indi;85758;77736;4281;82017;94.78;-1.34;5.22;1.34;95.64;-0.54;30201;47535;0;38.85;-1.04
VIC;Isaacs;82675;75757;3691;79448;95.35;-1.03;4.65;1.03;96.10;-0.11;40011;35746;0;52.81;-3.59
VIC;Jagajaga;88073;81184;3070;84254;96.36;-1.06;3.64;1.06;95.66;-0.45;45170;36014;0;55.64;-0.27
VIC;Kooyong;87128;80321;2117;82438;97.43;-0.55;2.57;0.55;94.62;-0.66;31377;48944;0;39.06;0.45
VIC;Lalor;89277;81742;3718;85460;95.65;-0.99;4.35;0.99;95.72;-0.70;53644;28098;0;65.63;-4.19
VIC;La Trobe;88269;80798;3544;84342;95.80;-0.59;4.20;0.59;95.55;-0.54;37432;43366;0;46.33;-2.68
VIC;McEwen;89021;82518;3272;85790;96.19;-0.47;3.81;0.47;96.37;0.20;40269;42249;0;48.80;-0.16
VIC;McMillan;85551;79219;2853;82072;96.52;0.63;3.48;-0.63;95.93;-0.59;41559;37660;0;52.46;1.89
VIC;Mallee;81774;75804;2850;78654;96.38;-0.71;3.62;0.71;96.18;0.05;22797;53007;0;30.07;-0.56
VIC;Maribyrnong;83750;74815;4309;79124;94.55;-0.97;5.45;0.97;94.48;-0.95;50410;24405;0;67.38;-4.68
VIC;Melbourne;95848;83902;3288;87190;96.23;-0.11;3.77;0.11;90.97;-1.82;58808;25094;0;70.09;-1.71
VIC;Melbourne Ports;89113;79039;2662;81701;96.74;-0.15;3.26;0.15;91.68;-0.66;44018;35021;0;55.69;-0.14
VIC;Menzies;84613;78009;2784;80793;96.55;-0.27;3.45;0.27;95.49;-0.30;32032;45977;0;41.06;-3.54
VIC;Murray;85651;79567;2908;82475;96.47;-0.11;3.53;0.11;96.29;0.25;20743;58824;0;26.07;-1.87
VIC;Scullin;88866;81316;4186;85502;95.10;-1.43;4.90;1.43;96.21;0.03;56265;25051;0;69.19;-2.65
VIC;Wannon;82915;77041;3062;80103;96.18;-1.07;3.82;1.07;96.61;-0.18;31120;45921;0;40.39;-2.16
VIC;Wills;88553;78569;4302;82871;94.81;-0.92;5.19;0.92;93.58;-0.96;54542;24027;0;69.42;-1.54
QLD;Blair;76853;69621;3909;73530;94.68;-1.72;5.32;1.72;95.68;0.40;28894;40727;0;41.50;-0.47
QLD;Bowman;87122;79233;3954;83187;95.25;-2.12;4.75;2.12;95.48;0.46;40742;38491;0;51.42;-1.87
QLD;Brisbane;95781;85728;3315;89043;96.28;-0.93;3.72;0.93;92.97;0.19;45548;40180;0;53.13;-1.46
QLD;Capricornia;81499;74725;3070;77795;96.05;-1.35;3.95;1.35;95.46;0.20;42492;32233;0;56.86;1.57
QLD;Dawson;87405;79300;3930;83230;95.28;-1.94;4.72;1.94;95.22;0.21;33313;45987;0;42.01;-3.58
QLD;Dickson;88001;79843;4755;84598;94.38;-2.12;5.62;2.12;96.13;0.44;35155;44688;0;44.03;-6.09
QLD;Fadden;86004;76800;4501;81301;94.46;-2.15;5.54;2.15;94.53;0.90;28962;47838;0;37.71;-4.70
QLD;Fairfax;84217;76230;3399;79629;95.73;-0.51;4.27;0.51;94.55;0.85;31095;45135;0;40.79;-4.85
QLD;Fisher;85315;77323;3554;80877;95.61;-1.34;4.39;1.34;94.80;0.77;29335;47988;0;37.94;-1.07
QLD;Forde;86672;77042;4825;81867;94.11;-1.89;5.89;1.89;94.46;1.22;32835;44207;0;42.62;-2.13
QLD;Griffith;92367;83814;3660;87474;95.82;-1.75;4.18;1.75;94.70;0.25;46654;37160;0;55.66;3.24
QLD;Groom;84838;78048;2776;80824;96.57;-0.69;3.43;0.69;95.27;0.00;27246;50802;0;34.91;-2.05
QLD;Herbert;90904;82245;4266;86511;95.07;-1.07;4.93;1.07;95.17;0.49;39790;42455;0;48.38;-1.52
QLD;Hinkler;81566;74720;3476;78196;95.55;-1.26;4.45;1.26;95.87;0.47;37328;37392;0;49.96;0.30
QLD;Kennedy;84739;75483;3685;79168;95.35;-0.87;4.65;0.87;93.43;0.27;30982;44501;0;41.05;2.23
QLD;Leichhardt;85689;74269;4672;78941;94.08;-1.96;5.92;1.96;92.13;0.15;32385;41884;0;43.61;-2.34
QLD;Lilley;87642;80058;3083;83141;96.29;-0.95;3.71;0.95;94.86;0.49;43899;36159;0;54.83;1.70
QLD;Longman;83408;75442;4195;79637;94.73;-2.38;5.27;2.38;95.48;0.82;35668;39774;0;47.28;-1.80
QLD;McPherson;94653;84478;4754;89232;94.67;-1.13;5.33;1.13;94.27;0.46;31639;52839;0;37.45;-4.21
QLD;Maranoa;84022;75899;3732;79631;95.31;-0.93;4.69;0.93;94.77;0.19;25796;50103;0;33.99;-1.59
QLD;Moncrieff;89483;77764;5958;83722;92.88;-2.63;7.12;2.63;93.56;0.89;26888;50876;0;34.58;-2.59
QLD;Moreton;89254;80312;3606;83918;95.70;-1.27;4.30;1.27;94.02;-0.24;36777;43535;0;45.79;-3.63
QLD;Oxley;84787;76415;4278;80693;94.70;-0.87;5.30;0.87;95.17;0.57;44427;31988;0;58.14;-0.07
QLD;Petrie;89711;81775;3640;85415;95.74;-1.67;4.26;1.67;95.21;0.53;38093;43682;0;46.58;-2.66
QLD;Rankin;85204;74570;5269;79839;93.40;-2.15;6.60;2.15;93.70;0.63;42267;32303;0;56.68;-2.01
QLD;Ryan;88171;81756;2404;84160;97.14;-0.54;2.86;0.54;95.45;1.06;33828;47928;0;41.38;0.90
QLD;Wide Bay;81391;73359;4329;77688;94.43;-2.30;5.57;2.30;95.45;0.38;28811;44548;0;39.27;-7.86
WA;Brand;78366;71390;3214;74604;95.69;1.17;4.31;-1.17;95.20;-0.15;42869;28521;0;60.05;-3.32
WA;Canning;76632;69190;3746;72936;94.86;-0.51;5.14;0.51;95.18;-0.08;34330;34860;0;49.62;-0.42
WA;Cowan;79648;72672;3564;76236;95.33;-0.84;4.67;0.84;95.72;-0.42;40341;32331;0;55.51;2.40
WA;Curtin;82561;75887;2590;78477;96.70;-0.57;3.30;0.57;95.05;0.63;27385;48502;0;36.09;-0.43
WA;Forrest;82248;74721;3976;78697;94.95;0.08;5.05;-0.08;95.68;-0.16;31672;43049;0;42.39;-3.01
WA;Fremantle;80927;72443;4392;76835;94.28;-1.50;5.72;1.50;94.94;0.06;43952;28491;0;60.67;-1.62
WA;Hasluck;78418;70331;4334;74665;94.20;-1.43;5.80;1.43;95.21;;36420;33911;0;51.78;-0.77
WA;Kalgoorlie;82534;67635;4010;71645;94.40;-0.95;5.60;0.95;86.81;-0.17;30880;36755;0;45.66;-2.24
WA;Moore;74103;67982;2802;70784;96.04;-0.97;3.96;0.97;95.52;-0.19;29886;38096;0;43.96;-0.42
WA;O'Connor;83118;74515;4693;79208;94.08;-1.19;5.92;1.19;95.30;-0.03;23031;51484;0;30.91;-2.52
WA;Pearce;77880;70281;3682;73963;95.02;-1.22;4.98;1.22;94.97;-0.28;30302;39979;0;43.12;-1.70
WA;Perth;82049;73913;3907;77820;94.98;-1.18;5.02;1.18;94.85;0.52;45239;28674;0;61.21;-1.33
WA;Stirling;85975;77051;4395;81446;94.60;-0.37;5.40;0.37;94.73;-0.54;39740;37311;0;51.58;-0.58
WA;Swan;78991;70803;3628;74431;95.13;-0.58;4.87;0.58;94.23;-0.82;36844;33959;0;52.04;-0.72
WA;Tangney;82972;75981;3200;79181;95.96;-0.93;4.04;0.93;95.43;-0.27;31934;44047;0;42.03;-0.93
SA;Adelaide;86538;77513;4156;81669;94.91;-0.70;5.09;0.70;94.37;-0.04;38585;38928;0;49.78;0.43
SA;Barker;87836;79907;4653;84560;94.50;-0.42;5.50;0.42;96.27;-0.25;27416;52491;0;34.31;-1.65
SA;Bonython;85484;75612;5984;81596;92.67;-1.87;7.33;1.87;95.45;-0.24;45688;29924;0;60.42;-2.88
SA;Boothby;89617;81915;3880;85795;95.48;-1.49;4.52;1.49;95.74;-0.07;34933;46982;0;42.65;0.25
SA;Grey;85745;77408;3708;81116;95.43;-0.31;4.57;0.31;94.60;-0.03;30532;46876;0;39.44;-1.53
SA;Hindmarsh;84806;76283;4677;80960;94.22;-1.21;5.78;1.21;95.46;-0.17;36719;39564;0;48.14;-0.64
SA;Kingston;85398;77490;4511;82001;94.50;-0.81;5.50;0.81;96.02;-0.20;40618;36872;0;52.42;0.54
SA;Makin;88248;80490;4420;84910;94.79;-0.92;5.21;0.92;96.22;-0.09;37219;43271;0;46.24;-2.98
SA;Mayo;86319;78202;4544;82746;94.51;-1.59;5.49;1.59;95.86;-0.05;29040;49162;0;37.13;-3.32
SA;Port Adelaide;86297;76384;5627;82011;93.14;-1.25;6.86;1.25;95.03;-0.59;49379;27005;0;64.65;-1.07
SA;Sturt;86359;77878;4322;82200;94.74;-0.86;5.26;0.86;95.18;-0.02;32568;45310;0;41.82;-0.46
SA;Wakefield;86378;78625;4558;83183;94.52;-0.57;5.48;0.57;96.30;0.43;27861;50764;0;35.44;2.08
TAS;Bass;65927;60691;2706;63397;95.73;-0.88;4.27;0.88;96.16;0.16;31598;29093;0;52.06;1.88
TAS;Braddon;67749;63164;2178;65342;96.67;0.26;3.33;-0.26;96.45;-0.09;35345;27819;0;55.96;1.67
TAS;Denison;67938;63073;1889;64962;97.09;-0.38;2.91;0.38;95.62;0.24;40530;22543;0;64.26;-0.25
TAS;Franklin;67119;62697;1937;64634;97.00;-0.21;3.00;0.21;96.30;0.24;36390;26307;0;58.04;1.44
TAS;Lyons;62942;58393;2146;60539;96.46;-0.38;3.54;0.38;96.18;-0.44;33970;24423;0;58.17;-2.94
ACT;Canberra;108959;100328;3542;103870;96.59;-0.58;3.41;0.58;95.33;-0.58;59632;40696;0;59.44;-0.62
ACT;Fraser;112225;102338;3844;106182;96.38;-0.72;3.62;0.72;94.62;-0.77;64154;38184;0;62.69;-2.17
NT;Lingiari;57077;43733;2240;45973;95.13;-0.10;4.87;0.10;80.55;;24182;19551;0;55.29;1.77
NT;Solomon;53945;47428;2196;49624;95.57;-0.85;4.43;0.85;91.99;;23670;23758;0;49.91;2.15
